Number of Iterations, Accuracy 
200, 0.73557692 
400, 0.75480769 
600, 0.84134615 
800, 0.85096154 
1000, 0.87019231 
1200, 0.84615385 
1400, 0.88942308 
1600, 0.87980769 
1800, 0.83653846 
2000, 0.89423077 
2200, 0.78365385 
2400, 0.89423077 
2600, 0.90865385 
2800, 0.89423077 
3000, 0.83653846 
3200, 0.89423077 
3400, 0.88461538 
3600, 0.89423077 
3800, 0.90384615 
4000, 0.83173077 
4200, 0.78365385 
4400, 0.77403846 
4600, 0.83653846 
4800, 0.89903846 
5000, 0.90865385 
5200, 0.89423077 
5400, 0.86057692 
5600, 0.76923077 
5800, 0.88942308 
6000, 0.88942308 
6200, 0.90384615 
6400, 0.84615385 
6600, 0.89903846 
6800, 0.90865385 
7000, 0.91826923 
7200, 0.83173077 
7400, 0.87019231 
7600, 0.79326923 
7800, 0.79326923 
8000, 0.78846154 
8200, 0.89903846 
8400, 0.91346154 
8600, 0.82211538 
8800, 0.8125 
9000, 0.91826923 
9200, 0.88461538 
9400, 0.82211538 
9600, 0.88942308 
9800, 0.92307692 
10000, 0.91826923 
10200, 0.8125 
10400, 0.875 
10600, 0.85096154 
10800, 0.89903846 
11000, 0.89903846 
11200, 0.82692308 
11400, 0.89903846 
11600, 0.91826923 
11800, 0.92307692 
12000, 0.80769231 
12200, 0.85096154 
12400, 0.82211538 
12600, 0.92307692 
12800, 0.87019231 
13000, 0.89423077 
13200, 0.91826923 
13400, 0.90384615 
13600, 0.88942308 
13800, 0.88461538 
14000, 0.88942308 
14200, 0.82692308 
14400, 0.82211538 
14600, 0.875 
14800, 0.87980769 
15000, 0.81730769 
15200, 0.82211538 
15400, 0.83173077 
15600, 0.8125 
15800, 0.89903846 
16000, 0.92307692 
16200, 0.82692308 
16400, 0.83653846 
16600, 0.93269231 
16800, 0.91826923 
17000, 0.92788462 
17200, 0.92307692 
17400, 0.84134615 
17600, 0.80769231 
17800, 0.92307692 
18000, 0.92788462 
18200, 0.9375 
18400, 0.87980769 
18600, 0.85096154 
18800, 0.91346154 
19000, 0.81730769 
19200, 0.93269231 
19400, 0.90865385 
19600, 0.83653846 
19800, 0.93269231 
20000, 0.88461538 
20200, 0.91826923 
20400, 0.92307692 
20600, 0.89903846 
20800, 0.83173077 
21000, 0.85096154 
21200, 0.91346154 
21400, 0.87019231 
21600, 0.91826923 
21800, 0.89903846 
22000, 0.92307692 
22200, 0.92788462 
22400, 0.91346154 
22600, 0.91346154 
22800, 0.84134615 
23000, 0.92307692 
23200, 0.94711538 
23400, 0.90384615 
23600, 0.91826923 
23800, 0.88942308 
24000, 0.84134615 
24200, 0.93269231 
24400, 0.84615385 
24600, 0.85096154 
24800, 0.84134615 
25000, 0.84134615 
25200, 0.85576923 
25400, 0.94230769 
25600, 0.93269231 
25800, 0.9375 
26000, 0.93269231 
26200, 0.92788462 
26400, 0.91826923 
26600, 0.89423077 
26800, 0.9375 
27000, 0.94230769 
27200, 0.94711538 
27400, 0.9375 
27600, 0.89423077 
27800, 0.92788462 
28000, 0.92307692 
28200, 0.86057692 
28400, 0.83653846 
28600, 0.94711538 
28800, 0.94230769 
29000, 0.84134615 
29200, 0.96153846 
29400, 0.90865385 
29600, 0.84134615 
29800, 0.95673077 
30000, 0.94230769 
30200, 0.96153846 
30400, 0.92788462 
30600, 0.94230769 
30800, 0.85576923 
31000, 0.89903846 
31200, 0.86057692 
31400, 0.90384615 
31600, 0.92788462 
31800, 0.91826923 
32000, 0.89903846 
32200, 0.94711538 
32400, 0.95192308 
32600, 0.95192308 
32800, 0.89903846 
33000, 0.87980769 
33200, 0.93269231 
33400, 0.875 
33600, 0.91346154 
33800, 0.93269231 
34000, 0.94230769 
34200, 0.88461538 
34400, 0.92788462 
34600, 0.87980769 
34800, 0.86057692 
35000, 0.95192308 
35200, 0.89903846 
35400, 0.95673077 
35600, 0.89903846 
35800, 0.89423077 
36000, 0.92307692 
36200, 0.84615385 
36400, 0.95192308 
36600, 0.92788462 
36800, 0.84615385 
37000, 0.94711538 
37200, 0.91826923 
37400, 0.89903846 
37600, 0.92788462 
37800, 0.87019231 
38000, 0.92307692 
38200, 0.95673077 
38400, 0.92788462 
38600, 0.92788462 
38800, 0.85096154 
39000, 0.89423077 
39200, 0.85096154 
39400, 0.86538462 
39600, 0.84615385 
39800, 0.95673077 
40000, 0.86538462 
40200, 0.86057692 
40400, 0.94711538 
40600, 0.95673077 
40800, 0.91826923 
41000, 0.93269231 
41200, 0.95673077 
41400, 0.86057692 
41600, 0.87980769 
41800, 0.91346154 
42000, 0.94711538 
42200, 0.91346154 
42400, 0.91346154 
42600, 0.92307692 
42800, 0.94230769 
43000, 0.95673077 
43200, 0.95192308 
43400, 0.94711538 
43600, 0.95192308 
43800, 0.90865385 
44000, 0.92307692 
44200, 0.90865385 
44400, 0.94230769 
44600, 0.94711538 
44800, 0.9375 
45000, 0.90865385 
45200, 0.92307692 
45400, 0.89903846 
45600, 0.94711538 
45800, 0.92788462 
46000, 0.90865385 
46200, 0.95192308 
46400, 0.91826923 
46600, 0.9375 
46800, 0.92307692 
47000, 0.94711538 
47200, 0.89903846 
47400, 0.9375 
47600, 0.94711538 
47800, 0.96153846 
48000, 0.95673077 
48200, 0.89903846 
48400, 0.94230769 
48600, 0.94711538 
48800, 0.95192308 
49000, 0.96153846 
49200, 0.94230769 
49400, 0.91826923 
49600, 0.95673077 
49800, 0.88942308 
50000, 0.89903846 
50200, 0.9375 
50400, 0.95673077 
50600, 0.95673077 
50800, 0.95192308 
51000, 0.93269231 
51200, 0.95673077 
51400, 0.95673077 
51600, 0.90865385 
51800, 0.90865385 
52000, 0.92788462 
52200, 0.90865385 
52400, 0.95192308 
52600, 0.89903846 
52800, 0.90384615 
53000, 0.88942308 
53200, 0.95192308 
53400, 0.93269231 
53600, 0.95192308 
53800, 0.90384615 
54000, 0.95192308 
54200, 0.91346154 
54400, 0.96634615 
54600, 0.9375 
54800, 0.94711538 
55000, 0.94230769 
55200, 0.94711538 
55400, 0.95192308 
55600, 0.95192308 
55800, 0.95192308 
56000, 0.90865385 
56200, 0.93269231 
56400, 0.95673077 
56600, 0.95192308 
56800, 0.94711538 
57000, 0.91826923 
57200, 0.94230769 
57400, 0.94711538 
57600, 0.95673077 
57800, 0.91346154 
58000, 0.90865385 
58200, 0.94711538 
58400, 0.92307692 
58600, 0.94230769 
58800, 0.94711538 
59000, 0.95192308 
59200, 0.9375 
59400, 0.96153846 
59600, 0.9375 
59800, 0.85576923 
60000, 0.95673077 
60200, 0.93269231 
60400, 0.94230769 
60600, 0.96634615 
60800, 0.95192308 
61000, 0.95192308 
61200, 0.95192308 
61400, 0.95192308 
61600, 0.94711538 
61800, 0.92788462 
62000, 0.94711538 
62200, 0.90865385 
62400, 0.89423077 
62600, 0.91826923 
62800, 0.94230769 
63000, 0.90384615 
63200, 0.91346154 
63400, 0.92307692 
63600, 0.92307692 
63800, 0.94711538 
64000, 0.93269231 
64200, 0.97115385 
64400, 0.94230769 
64600, 0.92307692 
64800, 0.9375 
65000, 0.96634615 
65200, 0.9375 
65400, 0.92788462 
65600, 0.96153846 
65800, 0.97115385 
66000, 0.94711538 
66200, 0.96153846 
66400, 0.91826923 
66600, 0.94230769 
66800, 0.94230769 
67000, 0.91826923 
67200, 0.9375 
67400, 0.90865385 
67600, 0.96153846 
67800, 0.95673077 
68000, 0.91346154 
68200, 0.94711538 
68400, 0.95192308 
68600, 0.96153846 
68800, 0.96153846 
69000, 0.98076923 
69200, 0.95192308 
69400, 0.96634615 
69600, 0.92788462 
69800, 0.96153846 
70000, 0.92788462 
70200, 0.95673077 
70400, 0.91346154 
70600, 0.94711538 
70800, 0.95673077 
71000, 0.93269231 
71200, 0.91826923 
71400, 0.95192308 
71600, 0.94711538 
71800, 0.95192308 
72000, 0.91826923 
72200, 0.9375 
72400, 0.94711538 
72600, 0.95673077 
72800, 0.92307692 
73000, 0.96634615 
73200, 0.97596154 
73400, 0.95192308 
73600, 0.96153846 
73800, 0.94711538 
74000, 0.92788462 
74200, 0.89903846 
74400, 0.97115385 
74600, 0.95192308 
74800, 0.96153846 
75000, 0.96153846 
75200, 0.96153846 
75400, 0.96153846 
75600, 0.96153846 
75800, 0.95673077 
76000, 0.94230769 
76200, 0.94230769 
76400, 0.94230769 
76600, 0.95192308 
76800, 0.9375 
77000, 0.90865385 
77200, 0.96634615 
77400, 0.96634615 
77600, 0.97115385 
77800, 0.95673077 
78000, 0.95192308 
78200, 0.97115385 
78400, 0.97115385 
78600, 0.97115385 
78800, 0.96153846 
79000, 0.96153846 
79200, 0.94230769 
79400, 0.95192308 
79600, 0.94711538 
79800, 0.95192308 
80000, 0.96153846 
80200, 0.91826923 
80400, 0.93269231 
80600, 0.97115385 
80800, 0.96634615 
81000, 0.95673077 
81200, 0.95192308 
81400, 0.95192308 
81600, 0.95673077 
81800, 0.95192308 
82000, 0.96153846 
82200, 0.94711538 
82400, 0.96153846 
82600, 0.95673077 
82800, 0.96634615 
83000, 0.88942308 
83200, 0.95673077 
83400, 0.95673077 
83600, 0.96153846 
83800, 0.97115385 
84000, 0.95673077 
84200, 0.97115385 
84400, 0.96634615 
84600, 0.95192308 
84800, 0.96634615 
85000, 0.89903846 
85200, 0.95192308 
85400, 0.89423077 
85600, 0.97596154 
85800, 0.95673077 
86000, 0.91826923 
86200, 0.96153846 
86400, 0.96153846 
86600, 0.97115385 
86800, 0.96153846 
87000, 0.94711538 
87200, 0.97115385 
87400, 0.91826923 
87600, 0.89903846 
87800, 0.93269231 
88000, 0.95673077 
88200, 0.95673077 
88400, 0.96634615 
88600, 0.96634615 
88800, 0.96634615 
89000, 0.97115385 
89200, 0.92788462 
89400, 0.93269231 
89600, 0.96634615 
89800, 0.95673077 
90000, 0.96634615 
90200, 0.91826923 
90400, 0.92788462 
90600, 0.91346154 
90800, 0.95192308 
91000, 0.97115385 
91200, 0.95673077 
91400, 0.98076923 
91600, 0.95192308 
91800, 0.96153846 
92000, 0.97115385 
92200, 0.98076923 
92400, 0.96634615 
92600, 0.96634615 
92800, 0.92788462 
93000, 0.95192308 
93200, 0.96634615 
93400, 0.95192308 
93600, 0.98076923 
93800, 0.97596154 
94000, 0.96153846 
94200, 0.9375 
94400, 0.97115385 
94600, 0.97596154 
94800, 0.95192308 
95000, 0.96153846 
95200, 0.97115385 
95400, 0.97115385 
95600, 0.96634615 
95800, 0.96634615 
96000, 0.95673077 
96200, 0.95192308 
96400, 0.91826923 
96600, 0.94230769 
96800, 0.96153846 
97000, 0.94230769 
97200, 0.92307692 
97400, 0.9375 
97600, 0.94711538 
97800, 0.96634615 
98000, 0.97596154 
98200, 0.96153846 
98400, 0.98076923 
98600, 0.87980769 
98800, 0.90865385 
99000, 0.97115385 
99200, 0.91826923 
99400, 0.97596154 
99600, 0.91826923 
99800, 0.98076923 
100000, 0.97115385 
100200, 0.96634615 
100400, 0.92788462 
100600, 0.96634615 
100800, 0.9375 
101000, 0.94230769 
101200, 0.96634615 
101400, 0.96153846 
101600, 0.98557692 
101800, 0.97596154 
102000, 0.92307692 
102200, 0.95192308 
102400, 0.9375 
102600, 0.94711538 
102800, 0.93269231 
103000, 0.97596154 
103200, 0.97596154 
103400, 0.95673077 
103600, 0.96634615 
103800, 0.94230769 
104000, 0.96153846 
104200, 0.97596154 
104400, 0.95673077 
104600, 0.97596154 
104800, 0.96153846 
105000, 0.96153846 
105200, 0.97115385 
105400, 0.95192308 
105600, 0.96634615 
105800, 0.94230769 
106000, 0.97115385 
106200, 0.94711538 
106400, 0.95673077 
106600, 0.95192308 
106800, 0.95673077 
107000, 0.88461538 
107200, 0.94230769 
107400, 0.94711538 
107600, 0.94230769 
107800, 0.94230769 
108000, 0.94230769 
108200, 0.92307692 
108400, 0.95192308 
108600, 0.96634615 
108800, 0.97596154 
109000, 0.97115385 
109200, 0.96153846 
109400, 0.96634615 
109600, 0.93269231 
109800, 0.96153846 
110000, 0.95192308 
110200, 0.94230769 
110400, 0.92788462 
110600, 0.97596154 
110800, 0.94711538 
111000, 0.96634615 
111200, 0.95192308 
111400, 0.97115385 
111600, 0.97115385 
111800, 0.92788462 
112000, 0.93269231 
112200, 0.96153846 
112400, 0.95673077 
112600, 0.92788462 
112800, 0.96634615 
113000, 0.98076923 
113200, 0.90865385 
113400, 0.94711538 
113600, 0.97596154 
113800, 0.98076923 
114000, 0.9375 
114200, 0.96634615 
114400, 0.98076923 
114600, 0.96634615 
114800, 0.96153846 
115000, 0.98076923 
115200, 0.9375 
115400, 0.95192308 
115600, 0.96153846 
115800, 0.96153846 
116000, 0.97596154 
116200, 0.97596154 
116400, 0.95192308 
116600, 0.9375 
116800, 0.96153846 
117000, 0.95673077 
117200, 0.92788462 
117400, 0.96634615 
117600, 0.96634615 
117800, 0.91826923 
118000, 0.96634615 
118200, 0.98076923 
118400, 0.97596154 
118600, 0.96634615 
118800, 0.92307692 
119000, 0.96153846 
119200, 0.98557692 
119400, 0.93269231 
119600, 0.96634615 
119800, 0.96634615 
120000, 0.94711538 
120200, 0.98557692 
120400, 0.94711538 
120600, 0.90384615 
120800, 0.96153846 
121000, 0.98076923 
121200, 0.95192308 
121400, 0.96153846 
121600, 0.93269231 
121800, 0.96153846 
122000, 0.94230769 
122200, 0.96634615 
122400, 0.96153846 
122600, 0.98076923 
122800, 0.96634615 
123000, 0.97115385 
123200, 0.97596154 
123400, 0.96634615 
123600, 0.95673077 
123800, 0.9375 
124000, 0.90865385 
124200, 0.96634615 
124400, 0.97596154 
124600, 0.98076923 
124800, 0.98076923 
125000, 0.97596154 
125200, 0.98076923 
125400, 0.95192308 
125600, 0.98076923 
125800, 0.98076923 
126000, 0.95192308 
126200, 0.92307692 
126400, 0.95673077 
126600, 0.98076923 
126800, 0.96634615 
127000, 0.95673077 
127200, 0.97596154 
127400, 0.95192308 
127600, 0.9375 
127800, 0.91826923 
128000, 0.96634615 
128200, 0.97596154 
128400, 0.94711538 
128600, 0.97596154 
128800, 0.97115385 
129000, 0.93269231 
129200, 0.97596154 
129400, 0.94711538 
129600, 0.95673077 
129800, 0.90384615 
130000, 0.95192308 
130200, 0.94711538 
130400, 0.97596154 
130600, 0.98076923 
130800, 0.91346154 
131000, 0.91826923 
131200, 0.97596154 
131400, 0.98557692 
131600, 0.92788462 
131800, 0.99038462 
132000, 0.98076923 
132200, 0.99038462 
132400, 0.98557692 
132600, 0.97115385 
132800, 0.95673077 
133000, 0.94711538 
133200, 0.90384615 
133400, 0.98076923 
133600, 0.92788462 
133800, 0.98557692 
134000, 0.91826923 
134200, 0.89423077 
134400, 0.96634615 
134600, 0.96153846 
134800, 0.97596154 
135000, 0.99038462 
135200, 0.91826923 
135400, 0.89903846 
135600, 0.94230769 
135800, 0.96153846 
136000, 0.89903846 
136200, 0.88461538 
136400, 0.98557692 
136600, 0.99038462 
