Number of Iterations, Accuracy 
200, 0.99175 
400, 0.992 
600, 0.9925 
800, 0.98875 
1000, 0.99175 
1200, 0.99275 
1400, 0.97925 
1600, 0.993 
1800, 0.993 
2000, 0.9925 
2200, 0.99275 
2400, 0.9915 
2600, 0.9925 
2800, 0.99225 
3000, 0.99025 
3200, 0.99075 
3400, 0.985 
3600, 0.99225 
3800, 0.99225 
4000, 0.992 
4200, 0.99175 
4400, 0.99125 
4600, 0.993 
4800, 0.99225 
5000, 0.99275 
5200, 0.992 
5400, 0.99125 
5600, 0.993 
5800, 0.9915 
6000, 0.99325 
6200, 0.99175 
6400, 0.993 
6600, 0.993 
6800, 0.99175 
7000, 0.9925 
7200, 0.99275 
7400, 0.99275 
7600, 0.992 
7800, 0.99225 
8000, 0.9925 
8200, 0.992 
8400, 0.99275 
8600, 0.99225 
8800, 0.99225 
9000, 0.992 
9200, 0.99225 
9400, 0.99175 
9600, 0.99125 
9800, 0.9925 
10000, 0.993 
10200, 0.992 
10400, 0.9925 
10600, 0.992 
10800, 0.99275 
11000, 0.992 
11200, 0.991 
11400, 0.99225 
11600, 0.992 
11800, 0.99225 
12000, 0.9915 
12200, 0.98875 
12400, 0.99175 
12600, 0.992 
12800, 0.992 
13000, 0.99275 
13200, 0.99175 
13400, 0.993 
13600, 0.99175 
13800, 0.99225 
14000, 0.99175 
14200, 0.99175 
14400, 0.992 
14600, 0.9915 
14800, 0.99275 
15000, 0.9865 
15200, 0.9915 
15400, 0.992 
15600, 0.993 
15800, 0.992 
16000, 0.99125 
16200, 0.99225 
16400, 0.993 
16600, 0.99225 
16800, 0.99225 
17000, 0.99325 
17200, 0.992 
17400, 0.99275 
17600, 0.99275 
17800, 0.993 
18000, 0.9845 
18200, 0.99075 
18400, 0.98725 
18600, 0.993 
18800, 0.99175 
19000, 0.99175 
19200, 0.99225 
19400, 0.99175 
19600, 0.98825 
19800, 0.9925 
20000, 0.9925 
20200, 0.99225 
20400, 0.99325 
20600, 0.99075 
20800, 0.9935 
21000, 0.98 
21200, 0.99275 
21400, 0.992 
21600, 0.991 
21800, 0.99275 
22000, 0.9925 
22200, 0.993 
22400, 0.992 
22600, 0.99275 
22800, 0.99325 
23000, 0.99225 
23200, 0.99125 
23400, 0.99175 
23600, 0.99275 
23800, 0.9925 
24000, 0.99225 
24200, 0.99275 
24400, 0.993 
24600, 0.992 
24800, 0.98725 
25000, 0.99275 
25200, 0.9915 
25400, 0.99175 
25600, 0.9925 
25800, 0.99225 
26000, 0.99225 
26200, 0.99125 
26400, 0.99175 
26600, 0.99225 
26800, 0.992 
27000, 0.99375 
27200, 0.99225 
27400, 0.99275 
27600, 0.988 
27800, 0.992 
28000, 0.99325 
28200, 0.99 
28400, 0.993 
28600, 0.993 
28800, 0.98225 
29000, 0.992 
29200, 0.9925 
29400, 0.99225 
29600, 0.99275 
29800, 0.9925 
30000, 0.99175 
30200, 0.992 
30400, 0.9925 
30600, 0.99325 
30800, 0.992 
31000, 0.99275 
31200, 0.9915 
31400, 0.993 
31600, 0.99275 
31800, 0.99225 
32000, 0.993 
32200, 0.992 
32400, 0.99 
32600, 0.9925 
32800, 0.99125 
33000, 0.9925 
33200, 0.991 
33400, 0.99225 
33600, 0.9875 
33800, 0.99225 
34000, 0.99175 
34200, 0.9925 
34400, 0.99275 
34600, 0.9915 
34800, 0.99175 
35000, 0.98625 
35200, 0.9915 
35400, 0.99225 
35600, 0.99275 
35800, 0.9915 
36000, 0.9915 
36200, 0.9925 
36400, 0.9925 
36600, 0.9865 
36800, 0.99075 
37000, 0.992 
37200, 0.99275 
37400, 0.9895 
37600, 0.99225 
37800, 0.99175 
38000, 0.99225 
38200, 0.993 
38400, 0.9905 
38600, 0.989 
38800, 0.99175 
39000, 0.99225 
39200, 0.99125 
39400, 0.99025 
39600, 0.9925 
39800, 0.9925 
40000, 0.99225 
40200, 0.993 
40400, 0.99175 
40600, 0.992 
40800, 0.992 
41000, 0.991 
41200, 0.99225 
41400, 0.99275 
41600, 0.993 
41800, 0.99175 
42000, 0.992 
42200, 0.99225 
42400, 0.99275 
42600, 0.99225 
42800, 0.99275 
43000, 0.99025 
43200, 0.993 
43400, 0.99275 
43600, 0.99175 
43800, 0.993 
44000, 0.9925 
44200, 0.9925 
44400, 0.98925 
44600, 0.99175 
44800, 0.992 
45000, 0.9925 
45200, 0.993 
45400, 0.992 
45600, 0.98925 
45800, 0.99225 
46000, 0.9925 
46200, 0.9925 
46400, 0.99225 
46600, 0.993 
46800, 0.991 
47000, 0.99125 
47200, 0.991 
47400, 0.992 
47600, 0.993 
47800, 0.992 
48000, 0.99175 
48200, 0.99125 
48400, 0.99025 
48600, 0.992 
48800, 0.9925 
49000, 0.991 
49200, 0.99325 
49400, 0.9925 
49600, 0.99125 
49800, 0.9915 
50000, 0.99225 
50200, 0.9915 
50400, 0.992 
50600, 0.99325 
50800, 0.991 
51000, 0.99175 
51200, 0.9925 
51400, 0.992 
51600, 0.9925 
51800, 0.9925 
52000, 0.992 
52200, 0.99275 
52400, 0.99 
52600, 0.9925 
52800, 0.98925 
53000, 0.99225 
53200, 0.992 
53400, 0.99225 
53600, 0.99225 
53800, 0.9915 
54000, 0.9925 
54200, 0.99225 
54400, 0.99 
54600, 0.99025 
54800, 0.99275 
55000, 0.98775 
55200, 0.99275 
55400, 0.9925 
55600, 0.98875 
55800, 0.99175 
56000, 0.99275 
56200, 0.992 
56400, 0.99375 
56600, 0.993 
56800, 0.993 
57000, 0.9915 
57200, 0.99175 
57400, 0.99225 
57600, 0.993 
57800, 0.992 
58000, 0.99175 
58200, 0.991 
58400, 0.992 
58600, 0.991 
58800, 0.99225 
59000, 0.9925 
59200, 0.9925 
59400, 0.99175 
59600, 0.99175 
59800, 0.99275 
60000, 0.9925 
60200, 0.99275 
60400, 0.9925 
60600, 0.993 
60800, 0.992 
61000, 0.99225 
61200, 0.993 
61400, 0.9925 
61600, 0.99325 
61800, 0.99225 
62000, 0.992 
62200, 0.992 
62400, 0.98525 
62600, 0.99175 
62800, 0.9925 
63000, 0.99225 
63200, 0.9915 
63400, 0.98775 
63600, 0.99225 
63800, 0.99175 
64000, 0.99125 
64200, 0.99225 
64400, 0.99275 
64600, 0.98825 
64800, 0.992 
65000, 0.9895 
65200, 0.9915 
65400, 0.99225 
65600, 0.97525 
65800, 0.9925 
66000, 0.99325 
66200, 0.99275 
66400, 0.9895 
66600, 0.99225 
66800, 0.99225 
67000, 0.99275 
67200, 0.99325 
67400, 0.99175 
67600, 0.99 
67800, 0.992 
68000, 0.99325 
68200, 0.98725 
68400, 0.993 
68600, 0.9915 
68800, 0.9915 
69000, 0.9915 
69200, 0.992 
69400, 0.99275 
69600, 0.992 
69800, 0.9925 
70000, 0.99175 
70200, 0.99175 
70400, 0.99175 
70600, 0.9915 
70800, 0.99225 
71000, 0.99 
71200, 0.992 
71400, 0.993 
71600, 0.99225 
71800, 0.99175 
72000, 0.992 
72200, 0.9925 
72400, 0.993 
72600, 0.99225 
72800, 0.992 
73000, 0.9865 
73200, 0.9925 
73400, 0.99325 
73600, 0.99275 
73800, 0.9925 
74000, 0.99225 
74200, 0.99125 
74400, 0.991 
74600, 0.9905 
74800, 0.99125 
75000, 0.99225 
75200, 0.9925 
75400, 0.9925 
75600, 0.9885 
75800, 0.986 
76000, 0.989 
76200, 0.9925 
76400, 0.98975 
76600, 0.99225 
76800, 0.99275 
77000, 0.99125 
77200, 0.99225 
77400, 0.99275 
77600, 0.9925 
77800, 0.99325 
78000, 0.99225 
78200, 0.98425 
78400, 0.99175 
78600, 0.9925 
78800, 0.99275 
79000, 0.9925 
79200, 0.9925 
79400, 0.993 
79600, 0.99175 
79800, 0.99225 
80000, 0.99125 
80200, 0.9925 
80400, 0.992 
80600, 0.993 
80800, 0.99275 
81000, 0.99275 
81200, 0.9925 
81400, 0.9925 
81600, 0.992 
81800, 0.99125 
82000, 0.99275 
82200, 0.99175 
82400, 0.99175 
82600, 0.98975 
82800, 0.9875 
83000, 0.992 
83200, 0.9925 
83400, 0.992 
83600, 0.99175 
83800, 0.99175 
84000, 0.9925 
84200, 0.99175 
84400, 0.99175 
84600, 0.99225 
84800, 0.992 
85000, 0.99275 
85200, 0.99125 
85400, 0.99225 
85600, 0.9925 
85800, 0.9915 
86000, 0.9935 
86200, 0.993 
86400, 0.99225 
86600, 0.99275 
86800, 0.9925 
87000, 0.9925 
87200, 0.99175 
87400, 0.992 
87600, 0.99225 
87800, 0.9925 
88000, 0.9925 
88200, 0.99275 
88400, 0.99125 
88600, 0.9925 
88800, 0.99325 
89000, 0.99225 
89200, 0.99225 
89400, 0.993 
89600, 0.993 
89800, 0.9905 
90000, 0.99175 
90200, 0.9885 
90400, 0.992 
90600, 0.99225 
90800, 0.99175 
91000, 0.993 
91200, 0.9905 
91400, 0.9925 
91600, 0.9915 
91800, 0.992 
92000, 0.99175 
92200, 0.99325 
92400, 0.99175 
92600, 0.99175 
92800, 0.99225 
93000, 0.99275 
93200, 0.9915 
93400, 0.99225 
93600, 0.9925 
93800, 0.99225 
94000, 0.9865 
94200, 0.99175 
94400, 0.99275 
94600, 0.9895 
94800, 0.99275 
95000, 0.99225 
95200, 0.99325 
95400, 0.99225 
95600, 0.993 
95800, 0.9925 
96000, 0.99175 
96200, 0.98725 
96400, 0.99275 
96600, 0.99175 
96800, 0.9925 
97000, 0.99325 
97200, 0.99175 
97400, 0.9935 
97600, 0.993 
97800, 0.99125 
98000, 0.9935 
98200, 0.9925 
98400, 0.99275 
98600, 0.99175 
98800, 0.992 
99000, 0.99125 
99200, 0.9925 
99400, 0.992 
99600, 0.992 
99800, 0.9925 
100000, 0.99225 
100200, 0.99225 
100400, 0.9915 
100600, 0.9925 
100800, 0.99225 
101000, 0.98975 
101200, 0.99175 
101400, 0.993 
101600, 0.992 
101800, 0.992 
102000, 0.992 
102200, 0.993 
102400, 0.99275 
102600, 0.993 
102800, 0.99225 
103000, 0.991 
103200, 0.9915 
103400, 0.9925 
103600, 0.992 
103800, 0.99175 
104000, 0.99175 
104200, 0.99275 
104400, 0.992 
104600, 0.9925 
104800, 0.9925 
105000, 0.992 
105200, 0.9855 
105400, 0.9905 
105600, 0.994 
105800, 0.99225 
106000, 0.99225 
106200, 0.99225 
106400, 0.99275 
106600, 0.99075 
106800, 0.992 
107000, 0.992 
107200, 0.9915 
107400, 0.99125 
107600, 0.99275 
107800, 0.99175 
108000, 0.99175 
108200, 0.99325 
108400, 0.99125 
108600, 0.992 
108800, 0.99125 
109000, 0.991 
109200, 0.993 
109400, 0.99225 
109600, 0.99275 
109800, 0.99225 
110000, 0.99225 
110200, 0.99325 
110400, 0.99175 
110600, 0.99225 
110800, 0.9925 
111000, 0.9915 
111200, 0.99175 
111400, 0.9905 
111600, 0.99275 
111800, 0.99275 
112000, 0.99275 
112200, 0.99225 
112400, 0.99275 
112600, 0.9935 
112800, 0.99275 
113000, 0.9925 
113200, 0.98625 
113400, 0.99175 
113600, 0.9895 
113800, 0.99225 
114000, 0.99275 
114200, 0.99075 
114400, 0.99275 
114600, 0.99175 
114800, 0.99275 
115000, 0.993 
115200, 0.99225 
115400, 0.99225 
115600, 0.991 
115800, 0.99275 
116000, 0.99175 
116200, 0.993 
116400, 0.993 
116600, 0.99 
116800, 0.99175 
117000, 0.99275 
117200, 0.992 
117400, 0.99275 
117600, 0.991 
117800, 0.9925 
118000, 0.993 
118200, 0.983 
118400, 0.993 
118600, 0.9925 
118800, 0.993 
119000, 0.993 
119200, 0.99275 
119400, 0.99225 
119600, 0.98925 
119800, 0.99175 
120000, 0.99225 
120200, 0.99225 
120400, 0.9925 
120600, 0.993 
120800, 0.99225 
121000, 0.9925 
121200, 0.99275 
121400, 0.9915 
121600, 0.99175 
121800, 0.9925 
122000, 0.9915 
122200, 0.99225 
122400, 0.99225 
122600, 0.99175 
122800, 0.99275 
123000, 0.98975 
123200, 0.992 
123400, 0.992 
123600, 0.991 
123800, 0.99225 
124000, 0.99275 
124200, 0.988 
124400, 0.992 
124600, 0.991 
124800, 0.9925 
125000, 0.99275 
125200, 0.99175 
125400, 0.99275 
125600, 0.993 
125800, 0.9925 
126000, 0.9925 
126200, 0.99225 
126400, 0.9915 
126600, 0.9925 
126800, 0.9865 
127000, 0.99275 
127200, 0.99 
127400, 0.99225 
127600, 0.99275 
127800, 0.9925 
128000, 0.99225 
128200, 0.993 
128400, 0.99275 
128600, 0.99125 
128800, 0.992 
129000, 0.991 
129200, 0.99225 
129400, 0.9875 
129600, 0.993 
129800, 0.99325 
130000, 0.992 
130200, 0.992 
130400, 0.993 
130600, 0.9925 
130800, 0.992 
131000, 0.9905 
131200, 0.9915 
131400, 0.9905 
131600, 0.99225 
131800, 0.9925 
132000, 0.99225 
132200, 0.992 
132400, 0.99325 
132600, 0.99175 
132800, 0.99325 
133000, 0.9925 
133200, 0.99175 
133400, 0.99175 
133600, 0.992 
133800, 0.99225 
134000, 0.98875 
134200, 0.992 
134400, 0.9925 
134600, 0.99275 
134800, 0.99275 
135000, 0.992 
135200, 0.99225 
135400, 0.9925 
135600, 0.99175 
135800, 0.992 
136000, 0.993 
136200, 0.993 
136400, 0.992 
136600, 0.99325 
136800, 0.99175 
137000, 0.99175 
137200, 0.99125 
137400, 0.99175 
137600, 0.992 
137800, 0.9915 
138000, 0.99175 
138200, 0.99175 
138400, 0.992 
138600, 0.992 
138800, 0.99075 
139000, 0.993 
139200, 0.989 
139400, 0.9925 
139600, 0.99225 
139800, 0.993 
140000, 0.9925 
140200, 0.991 
140400, 0.99275 
140600, 0.99325 
140800, 0.9915 
141000, 0.9885 
141200, 0.9915 
141400, 0.9905 
141600, 0.993 
141800, 0.9865 
142000, 0.9925 
142200, 0.993 
142400, 0.99125 
142600, 0.992 
142800, 0.991 
143000, 0.99275 
143200, 0.9925 
143400, 0.99225 
143600, 0.99175 
143800, 0.99275 
144000, 0.99075 
144200, 0.99075 
144400, 0.9915 
144600, 0.99225 
144800, 0.991 
145000, 0.9925 
145200, 0.9895 
145400, 0.9925 
145600, 0.9845 
145800, 0.99275 
146000, 0.9925 
146200, 0.992 
146400, 0.9915 
146600, 0.99275 
146800, 0.99025 
147000, 0.99175 
147200, 0.9915 
147400, 0.99225 
147600, 0.99325 
147800, 0.9915 
148000, 0.99175 
148200, 0.99175 
148400, 0.9925 
148600, 0.992 
148800, 0.99225 
149000, 0.9925 
149200, 0.99275 
149400, 0.99275 
149600, 0.9915 
149800, 0.99275 
150000, 0.993 
150200, 0.992 
150400, 0.99275 
150600, 0.993 
150800, 0.98825 
151000, 0.992 
151200, 0.98975 
151400, 0.992 
151600, 0.99275 
151800, 0.99275 
152000, 0.99225 
152200, 0.992 
152400, 0.99275 
152600, 0.992 
152800, 0.99175 
153000, 0.993 
153200, 0.9915 
153400, 0.9935 
153600, 0.99025 
153800, 0.992 
154000, 0.993 
154200, 0.99125 
154400, 0.99075 
154600, 0.991 
154800, 0.9925 
155000, 0.9925 
155200, 0.99125 
155400, 0.99175 
155600, 0.9915 
155800, 0.9925 
156000, 0.98475 
156200, 0.99275 
156400, 0.99175 
156600, 0.99275 
156800, 0.992 
157000, 0.992 
157200, 0.99275 
157400, 0.98925 
157600, 0.99275 
157800, 0.991 
158000, 0.99225 
158200, 0.9925 
158400, 0.9915 
158600, 0.993 
158800, 0.99275 
159000, 0.9915 
159200, 0.993 
159400, 0.991 
159600, 0.9925 
159800, 0.992 
160000, 0.99225 
160200, 0.99225 
160400, 0.992 
160600, 0.9925 
160800, 0.99275 
161000, 0.9925 
161200, 0.992 
161400, 0.993 
161600, 0.9905 
161800, 0.9925 
162000, 0.9925 
162200, 0.99275 
162400, 0.99075 
162600, 0.99125 
162800, 0.9915 
163000, 0.9925 
163200, 0.99275 
163400, 0.9915 
163600, 0.99275 
163800, 0.9925 
164000, 0.992 
164200, 0.99325 
164400, 0.99175 
164600, 0.992 
164800, 0.99225 
165000, 0.99175 
165200, 0.99275 
165400, 0.99225 
165600, 0.99225 
165800, 0.992 
166000, 0.993 
166200, 0.9925 
166400, 0.99275 
166600, 0.9925 
166800, 0.99225 
167000, 0.99275 
167200, 0.99275 
167400, 0.99325 
167600, 0.99225 
167800, 0.9895 
168000, 0.99275 
168200, 0.99175 
168400, 0.99275 
168600, 0.99325 
168800, 0.99225 
169000, 0.99225 
169200, 0.9895 
169400, 0.99325 
169600, 0.99025 
169800, 0.9925 
170000, 0.99225 
170200, 0.99125 
170400, 0.98625 
170600, 0.99225 
170800, 0.99225 
171000, 0.992 
171200, 0.99225 
171400, 0.991 
171600, 0.99225 
171800, 0.9925 
172000, 0.99175 
172200, 0.99125 
172400, 0.99225 
172600, 0.9925 
172800, 0.99225 
173000, 0.99225 
173200, 0.9915 
173400, 0.992 
173600, 0.99225 
173800, 0.99275 
174000, 0.99225 
174200, 0.99275 
174400, 0.9915 
174600, 0.99225 
174800, 0.993 
175000, 0.9935 
175200, 0.992 
175400, 0.9915 
175600, 0.99125 
175800, 0.992 
176000, 0.99225 
176200, 0.993 
176400, 0.99225 
176600, 0.99125 
176800, 0.99175 
177000, 0.99175 
177200, 0.991 
177400, 0.993 
177600, 0.99075 
177800, 0.99225 
178000, 0.99225 
178200, 0.993 
178400, 0.992 
178600, 0.99225 
178800, 0.99225 
179000, 0.99225 
179200, 0.9915 
179400, 0.99275 
179600, 0.99225 
179800, 0.99175 
180000, 0.99325 
180200, 0.99175 
180400, 0.99275 
180600, 0.99225 
180800, 0.992 
181000, 0.99175 
181200, 0.9925 
181400, 0.99325 
181600, 0.99275 
181800, 0.9915 
182000, 0.99125 
182200, 0.9925 
182400, 0.99225 
182600, 0.992 
182800, 0.9925 
183000, 0.993 
183200, 0.99225 
183400, 0.9915 
183600, 0.99225 
183800, 0.99175 
184000, 0.9925 
184200, 0.99175 
184400, 0.993 
184600, 0.99175 
184800, 0.988 
185000, 0.99275 
185200, 0.9915 
185400, 0.992 
185600, 0.9935 
185800, 0.992 
186000, 0.992 
186200, 0.9935 
186400, 0.9925 
186600, 0.99325 
186800, 0.993 
187000, 0.9925 
187200, 0.99225 
187400, 0.9925 
187600, 0.9905 
187800, 0.992 
188000, 0.993 
188200, 0.992 
188400, 0.992 
188600, 0.9925 
188800, 0.99275 
189000, 0.99175 
189200, 0.993 
189400, 0.992 
189600, 0.992 
189800, 0.993 
190000, 0.99175 
190200, 0.9925 
190400, 0.993 
190600, 0.99275 
190800, 0.9925 
191000, 0.9885 
191200, 0.9925 
191400, 0.99225 
191600, 0.9925 
191800, 0.9925 
192000, 0.993 
192200, 0.99225 
192400, 0.9925 
192600, 0.9915 
192800, 0.99225 
193000, 0.99175 
193200, 0.99225 
193400, 0.99325 
193600, 0.9915 
193800, 0.99275 
194000, 0.9925 
194200, 0.9915 
194400, 0.9925 
194600, 0.9925 
194800, 0.99325 
195000, 0.99325 
195200, 0.9905 
195400, 0.99125 
195600, 0.99225 
195800, 0.99325 
196000, 0.993 
196200, 0.99225 
196400, 0.99225 
196600, 0.99225 
196800, 0.99225 
197000, 0.99175 
197200, 0.99275 
197400, 0.9915 
197600, 0.9915 
197800, 0.99175 
198000, 0.992 
198200, 0.99225 
198400, 0.992 
198600, 0.9895 
198800, 0.99225 
199000, 0.99225 
199200, 0.99275 
199400, 0.99275 
199600, 0.991 
199800, 0.98925 
200000, 0.9925 
200200, 0.9925 
200400, 0.993 
200600, 0.99125 
200800, 0.99125 
201000, 0.99125 
201200, 0.99175 
201400, 0.993 
201600, 0.99225 
201800, 0.9925 
202000, 0.9925 
202200, 0.99325 
202400, 0.99275 
202600, 0.992 
202800, 0.993 
203000, 0.99225 
203200, 0.9905 
203400, 0.98675 
203600, 0.99225 
203800, 0.99225 
204000, 0.99225 
204200, 0.9925 
204400, 0.99225 
204600, 0.993 
204800, 0.992 
205000, 0.993 
205200, 0.99275 
205400, 0.99175 
205600, 0.9925 
205800, 0.992 
206000, 0.99125 
206200, 0.99275 
206400, 0.9915 
206600, 0.992 
206800, 0.99275 
207000, 0.98525 
207200, 0.9915 
207400, 0.9925 
207600, 0.99275 
207800, 0.99275 
208000, 0.99175 
208200, 0.993 
208400, 0.99275 
208600, 0.99275 
208800, 0.99175 
209000, 0.99225 
209200, 0.9935 
209400, 0.99225 
209600, 0.99225 
209800, 0.99175 
210000, 0.9925 
210200, 0.993 
210400, 0.991 
210600, 0.988 
210800, 0.9915 
211000, 0.9915 
211200, 0.99225 
211400, 0.9925 
211600, 0.989 
211800, 0.99175 
212000, 0.992 
212200, 0.99175 
212400, 0.992 
212600, 0.99175 
212800, 0.992 
213000, 0.9855 
213200, 0.99075 
213400, 0.993 
213600, 0.993 
213800, 0.9925 
214000, 0.9915 
214200, 0.992 
214400, 0.992 
214600, 0.99225 
214800, 0.992 
215000, 0.99275 
215200, 0.9925 
215400, 0.991 
215600, 0.9925 
215800, 0.993 
216000, 0.99225 
216200, 0.9925 
216400, 0.993 
216600, 0.993 
216800, 0.993 
217000, 0.99225 
217200, 0.9925 
217400, 0.984 
217600, 0.991 
217800, 0.99125 
218000, 0.99275 
218200, 0.9925 
218400, 0.991 
218600, 0.99225 
218800, 0.992 
219000, 0.9915 
219200, 0.97775 
219400, 0.9925 
219600, 0.99125 
219800, 0.9925 
220000, 0.992 
220200, 0.9925 
220400, 0.99275 
220600, 0.98575 
220800, 0.99225 
221000, 0.992 
221200, 0.9905 
221400, 0.99275 
221600, 0.99275 
221800, 0.9925 
222000, 0.992 
222200, 0.99125 
222400, 0.98725 
222600, 0.98825 
222800, 0.99075 
223000, 0.992 
223200, 0.98925 
223400, 0.99225 
223600, 0.99175 
223800, 0.992 
224000, 0.992 
224200, 0.99225 
224400, 0.99275 
224600, 0.99225 
224800, 0.993 
225000, 0.99175 
225200, 0.99175 
225400, 0.992 
225600, 0.99275 
225800, 0.99275 
226000, 0.9925 
226200, 0.99275 
226400, 0.99225 
226600, 0.992 
226800, 0.993 
227000, 0.99225 
227200, 0.992 
227400, 0.9925 
227600, 0.9915 
227800, 0.9925 
228000, 0.99225 
228200, 0.993 
228400, 0.981 
228600, 0.99225 
228800, 0.9925 
229000, 0.992 
229200, 0.99275 
229400, 0.9915 
229600, 0.992 
229800, 0.98975 
230000, 0.9925 
230200, 0.993 
230400, 0.99125 
230600, 0.99225 
230800, 0.992 
231000, 0.99275 
231200, 0.991 
231400, 0.9925 
231600, 0.99275 
231800, 0.9905 
232000, 0.9925 
232200, 0.99225 
232400, 0.99375 
232600, 0.99275 
232800, 0.99225 
233000, 0.9925 
233200, 0.99175 
233400, 0.99275 
233600, 0.99175 
233800, 0.99275 
234000, 0.9925 
234200, 0.9925 
234400, 0.9935 
234600, 0.992 
234800, 0.99125 
235000, 0.99225 
235200, 0.9915 
235400, 0.9915 
235600, 0.9925 
235800, 0.99275 
236000, 0.993 
236200, 0.991 
236400, 0.99025 
236600, 0.99325 
236800, 0.9925 
237000, 0.99175 
237200, 0.99225 
237400, 0.9925 
237600, 0.99225 
237800, 0.99225 
238000, 0.99125 
238200, 0.992 
238400, 0.99325 
238600, 0.99275 
238800, 0.992 
239000, 0.992 
239200, 0.9925 
239400, 0.99225 
239600, 0.99175 
239800, 0.99175 
240000, 0.992 
240200, 0.99275 
240400, 0.9925 
240600, 0.9925 
240800, 0.992 
241000, 0.993 
241200, 0.992 
241400, 0.9915 
241600, 0.99175 
241800, 0.9935 
242000, 0.99325 
242200, 0.99275 
242400, 0.9925 
242600, 0.99175 
242800, 0.99225 
243000, 0.99175 
243200, 0.987 
243400, 0.99175 
243600, 0.99075 
243800, 0.99175 
244000, 0.99275 
244200, 0.99225 
244400, 0.99225 
244600, 0.99125 
244800, 0.99325 
245000, 0.9925 
245200, 0.99175 
245400, 0.9925 
245600, 0.9925 
245800, 0.99275 
246000, 0.97375 
246200, 0.99275 
246400, 0.99225 
246600, 0.98875 
246800, 0.98625 
247000, 0.9865 
247200, 0.993 
247400, 0.992 
247600, 0.992 
247800, 0.9925 
248000, 0.992 
248200, 0.9915 
248400, 0.992 
248600, 0.99 
248800, 0.9925 
249000, 0.9925 
249200, 0.99275 
249400, 0.993 
249600, 0.9925 
249800, 0.99275 
250000, 0.9895 
250200, 0.9925 
250400, 0.99325 
250600, 0.993 
250800, 0.99225 
251000, 0.9915 
251200, 0.99325 
251400, 0.99175 
251600, 0.9915 
251800, 0.99075 
252000, 0.99175 
252200, 0.993 
252400, 0.99225 
252600, 0.993 
252800, 0.99275 
253000, 0.9895 
253200, 0.993 
253400, 0.99175 
253600, 0.99125 
253800, 0.9855 
254000, 0.99175 
254200, 0.9925 
254400, 0.98325 
254600, 0.992 
254800, 0.99225 
255000, 0.99225 
255200, 0.99125 
255400, 0.9925 
255600, 0.9915 
255800, 0.992 
256000, 0.99075 
256200, 0.99175 
256400, 0.992 
256600, 0.993 
256800, 0.99075 
257000, 0.99275 
257200, 0.99225 
257400, 0.99175 
257600, 0.9925 
257800, 0.99275 
258000, 0.98475 
258200, 0.99175 
258400, 0.99175 
258600, 0.99125 
258800, 0.9925 
259000, 0.9915 
259200, 0.99225 
259400, 0.99275 
259600, 0.99225 
259800, 0.99275 
260000, 0.992 
260200, 0.99175 
260400, 0.9895 
260600, 0.9915 
260800, 0.992 
261000, 0.9925 
261200, 0.99275 
261400, 0.99225 
261600, 0.99 
261800, 0.99225 
262000, 0.99175 
262200, 0.99275 
262400, 0.993 
262600, 0.99175 
262800, 0.992 
263000, 0.9915 
263200, 0.993 
263400, 0.99175 
263600, 0.978 
263800, 0.99175 
264000, 0.99275 
264200, 0.9915 
264400, 0.99275 
264600, 0.99075 
264800, 0.99175 
265000, 0.98025 
265200, 0.9925 
265400, 0.992 
265600, 0.99275 
265800, 0.99275 
266000, 0.992 
266200, 0.992 
266400, 0.99225 
266600, 0.992 
266800, 0.993 
267000, 0.9925 
267200, 0.98775 
267400, 0.9925 
267600, 0.99225 
267800, 0.99125 
268000, 0.9925 
268200, 0.9925 
268400, 0.9915 
268600, 0.98875 
268800, 0.99225 
269000, 0.99375 
269200, 0.993 
269400, 0.99375 
269600, 0.99225 
269800, 0.992 
270000, 0.98875 
270200, 0.992 
270400, 0.99025 
270600, 0.99275 
270800, 0.9935 
271000, 0.99375 
271200, 0.98925 
271400, 0.99275 
271600, 0.9935 
271800, 0.9915 
272000, 0.992 
272200, 0.99225 
272400, 0.9905 
272600, 0.99225 
272800, 0.992 
273000, 0.9925 
273200, 0.992 
273400, 0.98625 
273600, 0.992 
273800, 0.9915 
274000, 0.99275 
274200, 0.99275 
274400, 0.993 
274600, 0.9925 
274800, 0.99225 
275000, 0.99225 
275200, 0.991 
275400, 0.99175 
275600, 0.9925 
275800, 0.993 
276000, 0.99125 
276200, 0.99125 
276400, 0.992 
276600, 0.99275 
276800, 0.99325 
277000, 0.991 
277200, 0.992 
277400, 0.993 
277600, 0.99275 
277800, 0.98925 
278000, 0.9925 
278200, 0.99325 
278400, 0.99325 
278600, 0.992 
278800, 0.9915 
279000, 0.99125 
279200, 0.9915 
279400, 0.9925 
279600, 0.99325 
279800, 0.9915 
280000, 0.99075 
280200, 0.98775 
280400, 0.99275 
280600, 0.9925 
280800, 0.9925 
281000, 0.99125 
281200, 0.9915 
281400, 0.99075 
281600, 0.98925 
281800, 0.99275 
282000, 0.9895 
282200, 0.97825 
282400, 0.99175 
282600, 0.993 
282800, 0.992 
283000, 0.99325 
283200, 0.992 
283400, 0.99275 
283600, 0.992 
283800, 0.9925 
284000, 0.9925 
284200, 0.99225 
284400, 0.9895 
284600, 0.992 
284800, 0.99075 
285000, 0.993 
285200, 0.99175 
285400, 0.9925 
285600, 0.991 
285800, 0.992 
286000, 0.99275 
286200, 0.9925 
286400, 0.9925 
286600, 0.993 
286800, 0.9925 
287000, 0.99225 
287200, 0.99225 
287400, 0.99275 
287600, 0.9925 
287800, 0.99075 
288000, 0.99225 
288200, 0.992 
288400, 0.98875 
288600, 0.99275 
288800, 0.992 
289000, 0.992 
289200, 0.99175 
289400, 0.9925 
289600, 0.99175 
289800, 0.99175 
290000, 0.9925 
290200, 0.99275 
290400, 0.98975 
290600, 0.9915 
290800, 0.9925 
291000, 0.991 
291200, 0.99275 
291400, 0.993 
291600, 0.99275 
291800, 0.99225 
292000, 0.99225 
292200, 0.99225 
292400, 0.9925 
292600, 0.99275 
292800, 0.99275 
293000, 0.9925 
293200, 0.99225 
293400, 0.992 
293600, 0.992 
293800, 0.99325 
294000, 0.98475 
294200, 0.99225 
294400, 0.9915 
294600, 0.9925 
294800, 0.99175 
295000, 0.9925 
295200, 0.99225 
295400, 0.9925 
295600, 0.992 
295800, 0.992 
296000, 0.99275 
296200, 0.9935 
296400, 0.99225 
296600, 0.99325 
296800, 0.99275 
297000, 0.9935 
297200, 0.98325 
297400, 0.99225 
297600, 0.99275 
297800, 0.984 
298000, 0.9925 
298200, 0.99125 
298400, 0.99175 
298600, 0.99275 
298800, 0.993 
299000, 0.99225 
299200, 0.992 
299400, 0.99275 
299600, 0.99275 
299800, 0.99275 
300000, 0.992 
